-0.11692818058732964
-0.06182921607230016
-0.037444101671022384
0.08162732084230517
0.015579143210058525
0.06684734860603746
-0.009535488371000114
-0.005635188847606488
0.03204309629371907
-0.12851381267743442
0.24081695687469523
0.2668505031441728
0.0762049644469457
-0.13126463288187795
0.05659677244347497
0.16984884434649453
0.03595470952629011
-0.10404229959309337
-0.019197125566036616
0.05617701044550778
0.05146134481589677
-0.06794521689616342
-0.01384594132631657
0.28480748175887577
0.0054553287088462
0.10688727753562287
-0.026040495610724912
0.2776667517247651
0.03181869759828911
0.08864615134396557
-0.013915217244744905
0.12512137902850717
0.10938944493996586
-0.0726159895506272
0.21863702729635653
-0.020956916634071964
0.09241238368592987
-0.0023871015390657434
-0.07462623498166868
-0.061717678683975444
0.04170574852509116
0.086646004032781
-0.1405830282364416
0.008195395106916014
0.014865963038948646
-0.04529408663207506
0.023796433597507414
0.09709237548824062
-0.001868332011752085
-0.15347367659640315
-0.053474277335007286
-0.08398509297515497
-0.053782158610133045
-0.14568436714444954
-0.07862069799382357
-0.06749005417021255
-0.11437490076259978
-0.03106664489438372
0.16365208246411309
-0.03322426480470377
0.18014166800346051
0.0298821264326656
0.013620960343815212
-0.022582190787415378
-0.1257162547161444
-0.027796114615150736
-0.03153391552291807
0.11791604483656389
-0.1456911675659756
0.010698817712614984
0.012817875142522231
-0.037220759370038985
0.0759553364046107
-0.03054817178076459
-0.03982438197354837
0.05718564011461832
-0.06893464156203864
0.15168131674892926
0.07530454365600989
-0.09352492199690639
0.04037933928425627
-0.019245956818922983
-0.18310198240115497
0.17715650162991145
-0.09341043773837561
-0.19609775019003148
0.14633304355611088
0.08536839465013302
-0.09058757052807807
0.020522877286470616
0.09547660664377242
-0.03857480988967117
0.16787967531276243
0.05229527732630345
0.14506674413143802
-0.08032288333335483
-0.030764398254035454
-0.0957797119699296
-0.27962104527816967
-0.09784637426816128
-0.021519682352240856
0.05424945708207351
-0.008106161829398465
-0.15397582002931876
0.19750759897488276
0.2301022893197412
0.16466845041590816
0.04824697716471543
0.18230669879905842
0.13096570873614025
0.1847078983733413
0.07231392181824935
-0.05752286797702481
0.060288388825712746
0.13440660167706422
-0.02784415581492178
0.19397829340661035
0.1489546146468506
-0.09717030308447269
0.18293784146731049
0.023976946875573182
-0.07390441194193392
-0.037271650965036346
0.0870108740797271
0.07127666323265407
0.05296569016585362
-0.19258857247696914
-0.3269958558569115
-0.07160288262324087
0.1715652065368604
-0.11102737052929387
-0.1926201845772023
-0.017858476236308003
-0.22632885525578644
-0.11824837212614907
0.15735977210233798
0.1370451507750568
0.21697064950837328
0.09250924851123861
0.13094283655101363
0.274160708592584
0.324868751865412
0.04394363318590897
0.2694119710832739
0.3528839105903922
0.41574305572670534
0.07404602855417491
0.22165108739308872
0.3259022466647084
0.175293056479716
0.10445083705304936
0.23554906563224645
-0.0015520046869298134
0.019862001706117943
-0.0629063803336601
-0.1875869354830499
0.19670375914938762
-0.3089750640744009
-0.06539997706463034
0.05095567131813141
-0.0075695520751105985
0.014059171843432939
-0.0875883258625161
-0.1602216079754623
-0.31198316816479793
-0.22302315569597256
-0.10239563483845697
-0.13849613966121566
0.19992911083942155
0.0965785032283413
-0.0968425137149898
0.260007020643025
0.0847955625137631
0.2061615736230642
0.1430717005432022
0.22586901424333977
0.08261939895555975
-0.060045009817144064
0.2230930142315901
-0.13094538555683383
0.27250071875649784
0.23500554515154173
0.17455098336158234
-0.002580647396605198
0.34474096323775505
0.03359832297098215
0.01773676463774484
0.10078203088484163
-0.06936667446513978
-0.02806189927280699
-0.21583977806062826
-0.09062505114336404
0.09588752206525972
-0.02969695965045193
-0.17716323191762084
-0.19782978848677576
-0.20671198885537437
-0.27136179852592257
0.004817929647493864
-0.14801968190193865
-0.014643774841487373
0.0020508629236526796
-0.21506768349426925
-0.10065189525801892
-0.07733162294373633
-0.02188681204202327
0.11764844502042462
-0.0656428768149062
-0.015240787715471358
0.3091122159190972
-0.0012652399392475689
0.0475659426032994
-0.05154597660245638
0.07232482297680932
-0.14948082990920789
0.36539715662851513
0.22310077770301978
0.1171710763381136
-0.0860948452232823
-0.31680203079181996
-0.1257100712506151
-0.25840650979535135
-0.33078396839218294
-0.22520420913309577
0.11169224470416134
-0.03023777734293015
-0.09031697779869825
-0.1481901866901774
-0.21332176111825665
-0.3093266586065783
-0.15299513084273306
-0.24293490761327685
-0.3118749484656145
-0.02740758643743595
0.3189864268258149
0.24015355312235798
0.2527699341276812
0.030626869612586524
0.024866877320376107
0.18780085595256835
0.35124174224365706
0.1255761356658854
0.21909392713355794
0.14475688162753245
0.115956342461617
0.01233170458027641
-0.06256109305368403
-0.09620121674300944
0.09410715564991023
0.14165994781275562
0.15636678260528988
-0.2549442998806702
-0.22598720100467
-0.27765964332984083
-0.34977613782110223
-0.21606628326158367
0.11752779037758956
0.12183711135344409
-0.08521821521878764
-0.30178900475584464
-0.3191742327397758
-0.3263257465588732
-0.2784141245305446
-0.27464086119170034
0.23581582027824285
-0.0320829346122244
-0.1375189436830972
0.2306790820848527
-0.0399649272910611
0.09095197088527984
0.4002397323113146
0.4460551316067678
0.32640724614376593
-0.2063225574100209
0.42028557982406856
0.19151176974837192
0.06649048715283921
0.23647410141910816
0.009123932365644068
0.0405942859322761
-0.003948166325359379
-0.1539636606565343
0.011524481507001402
0.027776807636742357
0.027225214814018028
-0.17292290169744934
-0.15592451289248394
-0.3034585870031666
-0.04175802950561419
0.07847910021860006
-0.07385130695677661
-0.3904691121317799
-0.20955347708392627
-0.4978214598907344
-0.26128145648574147
0.12194822810414518
-0.20216263964021483
-0.29667123027787545
0.02096107624465567
-0.11722404242824828
0.14866505975126315
0.5210302869590889
0.2222342562746044
0.05609630233455264
0.4360415753528938
0.2343326031972035
0.47271991167177624
0.17873096534184507
-0.06555571281235993
-0.008188882547749295
-0.1293432832947222
-0.024813727116721356
-0.5291316074445299
-0.3734505108811057
-0.03307231972880014
-0.33439168134424774
-0.34589088231263
-0.21790737169279775
-0.3727920091154391
-0.20839304786286775
0.016586689835953725
0.028422344164986242
0.008826744144655205
-0.16563286976858307
-0.2841340255346192
-0.04922902969025555
-0.2863460673842191
-0.2559120827490715
-0.34214684597878225
-0.19781132934844634
0.03878001450361692
0.33054635861073217
0.10425343586669397
-0.17231313110044033
-0.2172160417178581
0.09213708160385084
-0.2400150835817819
0.14826138645185308
0.39865312699084887
-0.08258987755915387
0.12885668367663547
0.514095410569561
0.6477766469363083
0.04340259923646262
0.05891280648104934
-0.14224736866596005
-0.35813750392136684
-0.15749697348700498
-0.3976480133087431
-0.20392693303750253
0.13176559650487327
0.042259293130478714
0.03604746167263141
0.049605201001993345
-0.07988108705510705
0.016343704468205947
-0.14152355418226778
-0.10148272884266621
-0.35684438359683684
-0.6808676681337804
-0.22964646473962544
-0.15116106085348757
0.09290122185742906
0.42781226637379854
-0.30534675090333013
0.15184666784829015
-0.17508068824140396
0.1924348800523736
-0.07450287970007756
0.2609409393734848
0.20594038111188015
0.11587339014677174
0.3575720593119276
0.17606104921548366
0.08713919503798336
-0.4673472222497442
-0.2464079176194342
-0.3703643193207844
0.3213452648155442
-0.1008920111544497
-0.09064081214760349
-0.24028350668711085
-0.15327333275859475
-0.07423834237643152
-0.16230774482539748
0.1766059061073827
-0.10359446503109963
0.005679620886677479
0.18170398488140177
-0.2850005412816396
-0.3484877748650601
-0.17183818669300174
-0.13832597372156652
-0.047191228689975113
0.09157538452476338
-0.47842807244501695
-0.538523025130649
0.038097641958287895
0.022831973211297693
0.3403531662220027
-0.15376567753176473
-0.4414764547161976
0.07518575326731933
-0.12270591604769683
-0.1936912250478626
0.3641942270505642
-0.13819051135762564
0.5613344793395999
0.2505306591495651
-0.49011056543616766
-0.5242821041349323
-0.11158583917018695
0.07210125168080123
-0.1826606068261704
-0.0779067849860227
-0.02511190123884718
0.08630639719315436
0.26144822355932873
-0.011095420831243857
0.09657969373272712
-0.030157209090651713
0.08794215642763131
0.44364195701865805
0.12519538357859264
-0.07563110704232343
-0.0339263254213487
-0.22088633923303544
-0.0291798739418565
0.08072205437135928
0.006123281116308527
-0.34469162345844434
-0.4843812670974748
-0.5432732714805555
-0.15039398027586282
-0.2947750139559937
-0.522279958896319
-0.2127302863653225
0.14544623110691904
0.3027407086964815
0.15560983062213107
0.20160628090086227
-0.17206728784281758
0.2934078708864359
0.05947635146469126
0.23525299383562973
-0.04842046510104131
-0.061183082919731534
-0.15254878532349136
-0.03972355843330999
0.2608805327158708
0.010865011231861786
0.05094749115274297
-0.1167503710250422
-0.08133884849430402
0.31898608711765114
0.16385798875446758
0.3484888257209108
0.036557123931025746
0.19275955063711409
-0.3048152561484118
-0.11788101004177824
-0.1917975390589599
-0.36932168255486464
-0.25124557664175784
-0.17480502914619994
-0.23322320387541426
-0.058486166852340295
-0.18438641175636905
0.17080203069302055
-0.20682347475951818
-0.4913878801417082
0.20885694160410556
0.24762347152215441
-0.06694610177496833
0.3321656049933593
0.5843535991545783
0.009226187952937741
-0.3308864259251866
-0.03464630431585013
-0.1138502588193431
0.19948916540573744
0.1743108992557678
0.1399479604843615
-0.10606554263034178
0.04030875219336415
0.466111470989756
0.49638419139490775
0.2414284371606005
-0.11721756717831096
0.11255579707514833
0.37952699136719853
-0.14436025272677014
0.3568831938862269
-0.11403638252782991
0.04064563074151679
-0.6329623692761209
-0.5674280180700971
-0.6541043283063164
-0.4342261730554524
-0.41669729732198707
-0.44440449501760215
2.619522154621687E-4
-0.3016723194857714
0.14487819656439826
-0.1663683150074696
-0.011826100976493243
0.13942035949089904
-0.07502953136199794
-0.25056572270337646
0.18840620848099945
-0.20103428449649569
0.15246289233178492
-0.006067692127270175
0.1901736437161407
0.13506236812673822
0.08911243800702093
-0.21711505133554915
0.2565546522863884
0.2684218782665195
0.10018415370905824
-0.2551797909145773
0.02034575598761813
-0.01870976863553931
0.46493216635132034
-0.24294458586483084
-0.5244836759308639
-0.6456660728947644
-0.6033746021959329
-0.4986826226104946
-0.4502479999305541
-0.4547726384728009
-0.457014087455001
-0.7285190044025109
-0.42241604381395287
0.0755772815724634
0.6139234289350411
0.13224477629624215
-0.055494029996802294
-0.10567547397471298
0.198970517040283
0.05817388008248217
0.41784676074099075
0.10277988321415898
-0.18702591698194643
-0.11867770583130562
0.3341212020377749
0.2534591230578221
0.3660604241538767
0.294211296753626
0.17781990552314578
-0.10477684621881073
0.5465308583710247
-0.399105318327096
0.5790176938211798
0.6560655840665941
0.08970009384708359
-0.550031719741499
-0.4282590068551451
-0.5859796146456112
-0.33970383257443637
-0.5564216999990728
-0.6192806195105717
-0.6701910282972666
-0.002858140293445791
-0.5001059248308203
-0.1402448415187665
-0.6769011993782263
0.04614844838138627
0.4891808485472723
-0.4381838804430878
-0.40092817443131257
-0.35962329036251245
0.11683680061689426
0.13613249000131314
0.07496761167527423
0.1914857906630611
0.07259023738705483
0.07908986971739324
0.07626958206133172
0.2947624517913988
0.35464226251786485
0.391395505391529
-0.39567290369138725
0.3432318152818678
0.3541804706958528
0.34501753036207233
0.6193953286590997
-0.3716315774955491
-0.43872448961494565
-0.25848401858516235
-0.44556106201749657
-0.43537991347422095
-0.2357285889799354
-0.48332332076948525
-0.5117215587196209
-0.4134165057895426
-0.410014864078669
-0.18209527469406242
-0.30293391980166934
0.18342485575597406
0.3647280663718299
-0.3719999845846172
-0.2014278403267147
-0.07991620138718811
0.08409407263835027
-0.09819551501797584
0.10590818524583862
-0.022914702515557824
-0.2140212411047192
0.18481820906540222
0.09551402412287795
0.18393481263449518
0.09181833336534707
0.24206114145989607
0.1712701541264539
0.06653343058208586
0.20737329831204876
0.47873413230075706
0.44682987488717185
-0.3761515141194634
-0.5505139728728364
-0.33021158383267957
-0.3077379087515774
-0.3534145976103204
-0.48164906049528483
-0.5096643715726007
-0.46007827055778194
-0.28104757327541585
-0.3746510198008266
-0.22563052215448406
0.02169318458161817
0.3077246940057041
0.27707274833173867
-0.3165310942986821
0.02165241377401178
-0.2547695298596616
-0.16545935671473896
-0.02969989569903079
0.1722456346472026
0.4395659487644772
-0.1567329558845556
0.05216371892509723
0.15189672989221523
0.211184068409311
0.3760336190955172
0.09067014678861023
0.27730630180574795
-0.19685435529639622
-0.4230376894282982
-0.24556848177843996
-0.22480765988850532
-0.059284782274452275
-0.21906606930448524
-0.4066010285174872
-0.21085784730442542
-0.36438435315188755
-0.4831639367495436
-0.5053780374348176
-0.46930956508467364
-0.4288217104010392
-0.1630606924192563
-0.18673026837239384
-0.0011858153321349413
-0.4128791594866042
0.2379227493486333
0.08915329731370099
-0.15027991867874366
-0.07235737322147856
0.28116389938031383
-0.16911598975449516
0.17344485993483447
-0.01551488306690827
0.03811604072413458
0.2864584173679547
0.13678593953637727
-0.016984569330191667
0.21946081691015742
0.22427250318096803
0.023473980245910773
0.13536547028835322
0.22223099590022505
0.109009060900597
-0.10321803481311069
-0.17194369157739028
-0.3735647004933209
-0.34840988768129544
-0.19887134781198354
-0.21357017169798234
-0.5322819717561296
-0.6455811919365835
-0.464292922211872
-0.2861642053122152
-0.4603402206629061
-0.12826331064032956
-0.1577609354700198
0.2588947208548307
0.0027526651152076373
-0.09953750171827483
0.12388113659539024
-0.26546752668772106
-0.01893203335208531
0.44430787988431725
0.2554951118328775
0.4243785048303902
0.04474598479539348
0.03389475459656836
-0.05957390109219933
-0.27110055099749725
-0.08169791406678245
0.014771897887321177
-0.10138078766610943
-0.04883960973515547
-0.2691007775426221
-0.48829997854784135
-0.3921533884676095
-0.10010678766804139
-0.1960768968692008
-0.30735331572872676
-0.23389162551776427
-0.1636611289143548
-0.35619293126120827
-0.29834349568900753
-0.30387074268090486
-0.4659579390559574
-0.5652084251470737
-0.04778684430114726
-0.2993124717153235
0.016864276596764042
0.16003195515308172
-0.14991436367688707
-0.0699482236168722
-0.11198892309133222
-0.30536984473526224
0.027730157057433622
-0.02022372788681399
0.05459300928048493
0.04632502267876353
-0.002455249389410531
-0.0417008017913736
-0.057665518950464144
-0.3831414599708229
-0.1987512795747185
-0.016482856519356232
-0.17603981767193208
-0.07780276546120403
0.021131954420847816
-0.32868036984194415
0.038244810094868874
-0.008147915869486004
-0.3158981360766297
-0.18098585169001555
-0.24471730710611378
-0.438860842270105
-0.21532255225399488
-0.3472274746702389
-0.40568586521286637
-0.3406635948744269
-0.41224452201293904
-0.20990952811943214
0.0544420732435609
0.3112169134358327
-0.008231848507860903
0.02894358562622662
-0.3827577896376781
-0.2598454185587551
-0.38912171310330557
-0.21627951824510233
0.10897421347585845
-0.14278880944282604
0.027296993462859635
-0.13560478306538698
3.5455862410071066E-4
-0.2316929026025117
-0.2444121633697387
-0.10918213853413448
0.18722534970903934
-0.18761919671543353
0.016972015066514502
-0.33988153682856376
-0.0801569973944207
-0.4234249456206725
-0.2969533558590594
-0.12110288059710043
-0.2182118556729221
-0.3333827390397727
-0.39973124204857857
-0.294694356965286
-0.27146616138478724
-0.4973567982331815
-0.5508070303998339
-0.20553947757014132
-0.2944096495619241
-0.08469186394491195
0.11077257313653985
-0.3273814531204117
0.04327767754865702
-0.3694320403403735
0.0857443471483428
-0.30831545016899087
0.16068760894244088
-0.1354378021188605
-0.05519136741727189
-0.06249702395151583
-0.23933345153193783
-0.1713329459066403
0.03699264516003814
-0.1536363984694216
-0.1559754258968384
-0.21212331629408804
-0.1666997899032822
-0.09471383928400248
-0.03152658587304947
-0.24776006152999913
-0.1674211569912899
-0.1621485595503822
-0.09981954417565923
-0.31010613056676856
-0.46733857257189115
-0.29363366083483905
-0.3884097390448511
-0.08079153131287005
-0.03481985232362502
-0.015663525368645976
-0.0498498801386459
0.3348889770004371
0.46030766586157784
0.05348877661949369
-0.18178656347200775
-0.14681298081276964
-0.0975017066270726
-0.16443339213774255
0.008585818930651953
0.07235074244630198
-0.17438247047763467
-0.022998114973892782
-0.13856255901391518
-0.08762948669631301
-0.03583219983383803
-0.005549198412400449
-0.4017310338742179
-0.24116740052545552
0.15998405703636792
-0.05890792519306926
-0.3270868231441055
-0.2674477693685641
-0.10404097010869527
-0.2588931400942451
-0.29538863601659526
-0.16309212593289177
-0.18867707700909103
-0.3186123705325838
-0.1550893902851884
-0.12400899071810449
0.011090012741432804
0.24702135986527465
0.12113873488936569
0.07281366009791994
-0.11712267530425508
0.035459249575585945
-0.06563664672795141
-0.23819191080426946
-0.19177784040450827
-0.14685058994689648
-0.09245911918648812
-0.18528297309025157
0.04425599696494759
0.11885830533432094
0.01690961727535143
-0.1747170848103188
-0.0999702086615363
0.0020489746926691896
-0.1561771203007746
-0.11715867595626016
-0.1965242528062999
-0.2009997508436875
-0.10403570360761452
-0.08812245096978882
-0.1891374601542766
-0.1918011742497018
-0.0623823761177417
-0.05777929817934868
-0.2533663347168068
-0.27861864582953483
-0.3069667557933223
0.12710617355381673
0.08452282671806034
-0.050534737858412226
0.07284247231076091
-0.1482821128797222
0.050997751393519614
0.11367805842122752
-0.16263256809595553
-0.26402286108664547
-0.13775389714318914
-0.06142983679790497
0.10511509520287021
0.059510838701503234
-0.26512047505762015
-0.08162276650850535
0.020066143855118873
-0.03295020746766467
-0.14089524811531653
-0.08864029837369752
0.05667230086426831
-0.10686441108150586
-0.13056636623563347
-0.1099428646350488
-0.013162947430131121
-0.11166557840169214
-0.055427879501097045
0.016922174117607075
0.02442891749005261
-0.1369293475936315
-0.027036180324069525
-0.03500764557382426
-0.09624405948816833
-0.19980402583147625
-0.12821176493324665
0.12783973500557713
0.04847607681998871
-0.01263936672353728
-0.11866544400465684
-0.07354225119943238
0.01764176428005747
-0.07123179490517366
-0.16580379602737924
0.12089964399416728
0.15814483543901803
0.052947679260705906
-0.00547108885328589
-0.021828116466934912
-0.019952363196081117
0.04945975570959597
-0.0693375364710268
-0.13795372930032646
-0.00868407290093279
-0.20342124462720906
-0.10077382952877004
-0.22785878647955934
0.022572296846322972
-0.09692108046458407
0.11793924236714506
-0.006418075423300247
-0.11738279785726742
-0.020332379854023377
-0.17955650022765898
-0.06710934474576248
0.2185057756547053
0.026553067512611144
-0.06568604309130327
-0.0858757615173471
0.024196022190230825
-0.12592691656175445
-0.17751881238965486
-0.027932588540578448
0.053992555009120924
-0.013817554108354243
0.0774645820156231
-0.01956421922551806
0.11924949317576987
-0.09334992337214852
0.016805103900890694
-0.12195207008751827
-0.1270102096229068
-0.03654355312967373
-0.00999650371212292
0.02183556437001625
0.10861659986863742
-0.10850265662962451
0.08729267434523078
-0.16390841788009955
0.06523677413865447
0.006135383201909093
0.04669640612199595
-0.0680126490450071
-0.1496037944603616
-0.012284028547922267
-0.02352595795045623
-0.10625253524682167
-0.102603665966421
-0.2988668494151156
-0.08590461993746107
-0.09216272785711267
0.022872885563520785
0.0037895453854669037
-0.037860842242215545
1.498717929132456E-4
-0.11665715510714568
-0.15527101324700013
-0.05669076408340967
-0.04246103691839577
-0.1419473687273434
-0.08245276005123045
-0.10693005816750133
0.0718028937898653
0.033873728104581
0.016784857018325713
0.13673955577321317
-0.031150984705287023
-0.04489059621582372
-0.011553234506546337
0.14423791866852972
-0.09355527197248445
0.11686812191073964
0.10408446597584313
-0.03068275193905766
-0.09572233316648507
0.051350025110604776
0.016902518997863526
-0.04886507206317901
0.0046367589594686264
0.037040850295730135
-0.2828524033391707
-0.09979847081963525
0.026711994469602218
0.10329968136452788
-0.0027003754559529244
-0.13548333581550392
0.00920922433029309
-0.009023409626054123
-0.09229239933156282
-0.15166965634445556
-0.16887754900811305
-0.16971629384829798
